1	14.6	15.0	22.6	24.9	0	8.9	7.0	37.0	8.11	2	866.5	187.18	0.06	2.86	[[0.0053400000000000045, 2.0, 2.4792500000000004, 0.7211150000000011, 0.10000000000000053, 0.00036500000000000074], [0.01865, 6.5, 6.274499999999989, 0.06720000000000004, 0.10000000000000053, 0.00036500000000000074]]
2	11.7	5.2	40.3	10.1	0	11.3	12.3	35.0	0	0	0	800	0	0	[0, 0, 0, 0, 0, 0]
3	12.7	15.0	28.9	21.3	0	9.0	10.0	38.0	12.66	2	920.5	191.49	0.06	4.05	[[0.0008599999999999997, 3.0, 2.725999999999999, 6.429164999999998, 0.027000000000000135, 0.005624999999999998], [0.004299999999999998, 1.5, 0.9282499999999914, 0.03986, 0.027000000000000135, 0.005624999999999998]]
4	5.1	9.4	35.7	19.7	0	9.2	18.0	32.0	0.56	1	538.5	151.83	0.03	1.76	[[0.0017950000000000015, 0.5, 2.255999999999986, 1.413590000000001, 0.034999999999999976, 0.0013500000000000005]]
5	13.7	13.5	28.4	23.8	0	9.1	7.9	38.0	13.24	2	911.0	204.03	0.04	3.93	[[0.0023650000000000025, 5.0, 6.098249999999993, 4.20261, 0.4295, 0.001060000000000002], [0.0035400000000000015, 8.0, 0.3055000000000092, 0.038995, 0.4295, 0.001060000000000002]]
6	7.8	11.3	10.8	14.3	0	7.8	17.7	31.0	4.21	2	812.5	153.38	0.02	1.72	[[9.49999999999996e-05, 0.0, 0.08225000000000193, 5.016430000000001, 0.05699999999999994, 0.00036000000000000094], [0.00046000000000000034, 3.5, 5.498999999999995, 0.20536500000000002, 0.05699999999999994, 0.00036000000000000094]]
7	15.0	14.8	21.0	24.4	0	8.7	7.4	37.0	11.43	2	875.0	189.43	0.04	3.2	[[0.006995000000000001, 0.0, 2.819999999999993, 2.1598750000000004, 0.3414999999999999, 0.004175000000000002], [0.025854999999999996, 25.0, 15.509999999999991, 1.23885, 0.3414999999999999, 0.004175000000000002]]
8	6.8	6.8	16.0	18.4	0	9.8	19.8	40.0	9.76	2	807.0	164.64	0.02	2.8	[[0.0015299999999999984, 5.5, 7.190999999999995, 8.421415, 0.19099999999999984, 0.0009649999999999988], [0.0014999999999999979, 0.0, 4.488499999999988, 0.22419, 0.19099999999999984, 0.0009649999999999988]]
9	14.8	14.3	19.4	24.8	0	8.6	6.7	36.0	11.28	2	853.5	174.56	0.04	2.78	[[0.006359999999999999, 3.0, 2.819999999999993, 12.990215, 0.15200000000000014, 0.00409], [0.020529999999999993, 1.5, 2.843500000000006, 0.0702799999999999, 0.15200000000000014, 0.00409]]
10	9.7	8.5	11.2	12.7	0	10.7	14.3	39.0	0	0	0	800	0	0	[0, 0, 0, 0, 0, 0]
11	14.7	14.8	21.6	24.2	0	8.4	8.2	36.0	10.35	2	884.0	196.78	0.06	2.62	[[0.005065, 7.0, 9.388249999999992, 64.26487999999999, 0.24049999999999994, 0.0020450000000000017], [0.02295499999999999, 9.0, 5.745750000000001, 0.5257350000000001, 0.24049999999999994, 0.0020450000000000017]]
12	12.3	6.6	12.4	10.7	0	12.0	5.3	34.0	0	0	0	800	0	0	[0, 0, 0, 0, 0, 0]
13	14.9	14.9	20.2	24.4	0	8.3	8.7	36.0	11.1	2	873.0	180.3	0.06	3.85	[[0.0023949999999999944, 0.5, 0.17624999999999602, 0.07829999999999959, 0.01100000000000012, 0.002194999999999999], [0.012204999999999994, 1.0, 2.6907500000000084, 0.076345, 0.01100000000000012, 0.002194999999999999]]
14	8.8	12.6	36.6	16.9	0	11.6	12.6	30.0	0	0	0	800	0	0	[0, 0, 0, 0, 0, 0]
15	14.4	14.8	20.1	24.8	0	8.6	8.9	36.0	10.33	2	882.5	195.85	0.05	3.43	[[0.003105, 0.0, 0.5287500000000023, 1.0849399999999998, 1.2795000000000005, 0.0024449999999999993], [0.012720000000000009, 2.5, 1.1515000000000128, 0.09897, 1.2795000000000005, 0.0024449999999999993]]
16      7.5     10.6    44.5    11.8    0       8.5     15.6    33.0      0	0	0	800	0	0	[0, 0, 0, 0, 0, 0]
17	14.7	15.5	19.0	24.5	0	8.8	8.6	36.0	7.67	2	868.5	187.92	0.052	2.98	[[1.0000000000003062e-05, 3.5, 5.3344999999999985, 2.31911, 1.1835, 0.005065], [0.02391, 14.5, 3.5602499999999964, 0.021589999999999998, 1.1835, 0.005065]]
18	5.9	20.0	32.2	13.1	0	8.1	19.4	32.0	0.61	1	528.0	117.49	0.026	1.63	[[0.00324, 0.0, 0.8107500000000059, 5.771159999999999, 0.142, 0.0024749999999999998]]
19	14.3	15.0	20.4	24.6	0	8.5	8.1	37.0	10.97	2	874.5	182.2	0.051	3.58	[[0.0025899999999999986, 10.5, 8.789000000000001, 18.33768, 1.0730000000000004, 0.00937], [0.026984999999999995, 4.5, 0.07050000000000978, 0.03899, 1.0730000000000004, 0.00937]]
20	10.8	17.4	24.7	24.1	0	9.4	6.3	39.0	6.06	2	842.5	160.43	0.021	2.39	[[0.008905, 5.5, 6.66225, 31.587065, 0.6835000000000004, 0.00238], [0.013250000000000001, 9.5, 3.1255000000000024, 0.1879, 0.6835000000000004, 0.00238]]
21	14.0	14.9	21.8	24.8	0	8.7	7.6	37.0	10.85	2	875.0	183.52	0.041	2.86	[[0.006984999999999998, 2.5, 3.031499999999994, 22.383589999999998, 0.9459999999999997, 0.006495000000000001], [0.01407, 9.0, 1.4452500000000015, 0.01805000000000001, 0.9459999999999997, 0.006495000000000001]]
22	8.2	16.3	14.1	22.3	0	7.6	19.7	34.0	0.858	1	519.5	100.0	0.055	1.59	[[0.000905000000000003, 1.5, 2.5732499999999945, 0.07398499999999997, 0.07600000000000001, 0.002284999999999999]]
23	14.4	15.2	19.4	24.0	0	8.5	8.1	36.0	10.92	2	880.0	185.14	0.046	3.17	[[0.0056850000000000026, 13.5, 16.8495, 152.102695, 0.8765000000000001, 0.0017449999999999998], [0.033624999999999995, 4.0, 5.393250000000009, 0.046375, 0.8765000000000001, 0.0017449999999999998]]
24	7.0	18.9	30.2	20.6	0	10.2	12.4	32.0	1.45	1	530.0	104.62	0.026	1.25	[[0.0003499999999999996, 2.0, 3.8305000000000007, 5.582465, 0.14749999999999996, 0.0002249999999999995]]
25	14.8	14.7	18.3	24.3	0	8.8	7.6	37.0	9.14	2	853.5	189.63	0.047	1.56	[[0.0014549999999999997, 1.0, 5.111249999999998, 82.857605, 1.0325000000000006, 0.0012400000000000015], [0.010085000000000004, 15.5, 8.001749999999987, 0.317245, 1.0325000000000006, 0.0012400000000000015]]
26	6.5	10.1	26.3	15.3	0	9.7	19.1	35.0	7.41	2	793.0	148.5	0.013	1.15	[[0.0012399999999999998, 1.0, 5.346250000000001, 0.83622, 1.7645, 0.0013], [0.0008249999999999993, 2.0, 8.600999999999999, 2.9538550000000003, 1.7645, 0.0013]]
27	14.7	15.0	20.2	24.7	0	8.6	8.4	36.0	9.08	2	869.0	192.45	0.041	1.96	[[0.001214999999999999, 0.5, 0.3760000000000048, 2.718175, 0.9584999999999999, 0.0007799999999999994], [0.00136, 0.0, 3.6072500000000076, 0.15088000000000001, 0.9584999999999999, 0.0007799999999999994]]
28	11.2	7.5	33.7	24.7	0	11.4	11.4	32.0	1.7585	1	530.0	246.22	0.028	1.05	[[0.0017099999999999997, 4.0, 119.06275, 99.67098999999999, 0.26549999999999996, 0.0037599999999999995]]
29	14.8	14.9	18.2	24.8	0	8.4	8.2	36.0	8.34	2	834.5	179.25	0.026	3.65	[[0.005375, 1.5, 0.14100000000000534, 1.8876099999999998, 1.698, 0.00302], [0.029279999999999994, 3.5, 0.8342499999999973, 0.31262, 1.698, 0.00302]]
30	7.1	6.6	34.5	15.9	0	10.9	16.6	33.0	0	0	0	800	0	0	[0, 0, 0, 0, 0, 0]
31	14.1	15.2	19.5	24.6	0	8.5	7.6	36.0	7.68	2	857.5	175.38	0.03	2.49	[[0.00034, 0.0, 0.38774999999999693, 7.524765000000001, 0.7840000000000003, 0.006055000000000001], [0.00392, 2.5, 6.251000000000005, 0.05808499999999994, 0.7840000000000003, 0.006055000000000001]]
32	10.3	13.3	38.2	23.0	0	9.3	14.9	33.0	3.62	2	751.0	203.8	0.044	1.4	[[0.003955, 1.0, 1.0692500000000038, 1.3510349999999998, 0.367, 0.003599999999999999], [0.0038600000000000023, 3.0, 9.24724999999998, 169.83512000000002, 0.367, 0.003599999999999999]]
33	14.0	15.4	19.7	24.4	0	8.7	7.8	36.0	10.0	2	861.0	182.76	0.029	2.36	[[0.002705000000000001, 3.0, 0.3055000000000021, 2.407045, 1.8504999999999994, 0.00033500000000000023], [0.005030000000000003, 1.0, 6.533000000000001, 0.416385, 1.8504999999999994, 0.00033500000000000023]]
34	6.2	11.9	20.5	13.7	0	8.3	10.7	38.0	6.703	1	811.0	136.14	0.012	1.3	[[0.0035250000000000012, 12.0, 0.6814999999999998, 3.251255, 2.358, 0.0014000000000000002]]
35	14.5	15.4	18.5	24.4	0	8.4	8.0	36.0	7.3	2	847.0	182.02	0.059	2.71	[[0.00469, 0.5, 2.3969999999999985, 2.450565, 1.3154999999999997, 0.0022250000000000013], [0.041085, 14.0, 1.562749999999994, 0.11806999999999998, 1.3154999999999997, 0.0022250000000000013]]
36	13.1	18.5	16.7	11.2	0	10.1	14.2	39.0	0	0	0	800	0	0	[0, 0, 0, 0, 0, 0]
37	14.7	15.8	18.6	24.7	0	8.5	7.6	36.0	6.8	2	853.5	173.57	0.05	2.36	[[0.0023200000000000026, 0.5, 2.4792500000000004, 0.15711000000000008, 2.5965000000000003, 0.0020550000000000013], [0.041865, 9.5, 5.170000000000002, 52.755964999999996, 2.5965000000000003, 0.0020550000000000013]]
38	12.5	16.8	25.4	19.0	0	7.7	13.3	39.0	6.62	2	827.5	178.6	0.062	2.71	[[0.0007749999999999979, 0.0, 2.514499999999998, 0.446645, 1.0300000000000002, 0.0031750000000000007], [0.020735000000000003, 4.5, 0.37599999999999056, 0.17861500000000002, 1.0300000000000002, 0.0031750000000000007]]
39	14.5	15.8	18.2	24.3	0	8.6	8.4	37.0	9.01	2	862.5	184.65	0.049	3.54	[[0.005589999999999998, 0.5, 0.03524999999999778, 0.29640999999999995, 0.39450000000000074, 0.0035099999999999992], [0.0026449999999999946, 9.5, 6.21575, 0.03727, 0.39450000000000074, 0.0035099999999999992]]
40	5.5	7.9	17.3	23.5	0	10.5	5.9	34.0	1.49	1	539.0	144.14	0.025	1.33	[[0.0010749999999999996, 0.0, 1.5627500000000083, 0.7180149999999994, 0.15649999999999997, 0.001259999999999999]]
41	14.6	15.1	20.0	23.9	0	8.6	7.8	37.0	4.84	2	847.0	167.16	0.023	3.49	[[0.00995, 1.0, 4.805750000000003, 0.55236, 1.2755, 0.0023349999999999985], [0.005659999999999998, 0.0, 1.7390000000000043, 48.446895000000005, 1.2755, 0.0023349999999999985]]
42	9.1	19.6	20.3	21.8	0	11.1	16.1	31.0	4.44	2	810.0	158.91	0.042	1.76	[[0.006839999999999999, 2.5, 1.9739999999999966, 3.3720949999999994, 0.5859999999999999, 0.003459999999999998], [0.002939999999999998, 6.0, 4.747, 0.047904999999999975, 0.5859999999999999, 0.003459999999999998]]
43	14.8	16.0	20.3	24.7	0	8.7	8.0	37.0	7.41	2	867.5	182.37	0.043	3.12	[[0.00434, 3.5, 7.578749999999999, 2.58402, 2.0510000000000006, 0.01064], [0.038849999999999996, 19.5, 15.47475, 0.08983, 2.0510000000000006, 0.01064]]
44	5.3	16.1	24.1	17.1	0	11.8	17.4	31.0	1.13	1	525.0	117.31	0.022	1.29	[[0.0018150000000000006, 0.0, 0.6814999999999998, 0.18169499999999994, 0.13749999999999996, 0.002239999999999999]]
45	14.7	15.6	19.7	24.6	0	8.5	8.1	36.0	7.84	2	857.5	189.33	0.052	2.37	[[0.0012850000000000014, 0.5, 2.9492499999999993, 1.7990449999999998, 1.1879999999999997, 0.004040000000000002], [0.01672, 7.5, 3.325249999999997, 0.06359000000000001, 1.1879999999999997, 0.004040000000000002]]
46	8.0	6.2	16.6	14.0	0	10.8	9.4	39.0	0	0	0	800	0	0	[0, 0, 0, 0, 0, 0]
47	14.7	15.5	20.5	24.1	0	8.7	8.5	37.0	8.06	2	864.0	186.05	0.037	3.66	[[0.004144999999999999, 1.0, 2.244250000000001, 0.8734199999999999, 1.9895, 0.01066], [0.03976999999999999, 2.0, 3.5719999999999885, 0.11346, 1.9895, 0.01066]]
48	8.4	13.8	13.4	20.0	0	9.6	16.3	37.0	2.61	2	803.5	171.69	0.041	1.35	[[0.00179, 0.0, 1.3042499999999961, 1.853775, 0.39049999999999985, 0.0002149999999999999], [0.008320000000000001, 0.5, 3.102000000000004, 1447.380935, 0.39049999999999985, 0.0002149999999999999]]
49	14.3	15.6	19.4	24.8	0	8.4	7.9	36.0	5.31	2	836.5	169.39	0.047	2.42	[[0.003210000000000001, 0.5, 1.4922500000000056, 0.18415500000000007, 0.23599999999999977, 0.000955000000000001], [0.00028500000000000053, 12.5, 3.242999999999995, 0.00462499999999999, 0.23599999999999977, 0.000955000000000001]]
50	9.9	12.8	16.0	17.6	0	7.8	18.5	40.0	5.16	2	797.0	178.69	0.051	2.15	[[0.0021650000000000037, 2.5, 5.04075000000001, 1.692625, 0.09799999999999986, 0.0038399999999999997], [0.0007149999999999934, 4.0, 2.021000000000001, 0.011075000000000002, 0.09799999999999986, 0.0038399999999999997]]
