AVG_length=38.900324		
AVG_width=9.945946		
AVG_ar=3.951307		
		
STD_length=5.476710		
STD_width=1.846596		
STD_ar=0.365072		
Index	Length	Width
0	51.24460509	14.87457983
1	31.62781844	7.232380824
2	36.57646231	9.522713613
3	37.78658629	10.3234805
4	33.24552903	8.928030933
5	49.00748759	11.3521654
6	31.02763802	8.179345853
7	33.46082159	8.988659118
8	32.87000669	8.545833655
9	34.33012084	9.067160696
10	30.96330963	7.906996244
11	42.9694203	10.73395962
12	37.65382441	8.863928406
13	42.01748004	11.2944037
14	40.1010136	8.605846702
15	36.68832818	8.872790161
16	43.09110342	10.56080463
17	41.23141717	11.01746292
18	53.81468061	9.525547834
19	39.00320514	10.40792634
20	38.55753192	9.999310336
21	39.51790304	8.318986672
22	46.99052132	11.66215925
23	39.36704295	10.32359291
24	51.97349642	12.28303376
25	37.3417291	9.322767271
26	39.76664836	10.07990505
27	42.32683585	10.27402266
28	29.59250831	7.457903853
29	35.23640756	9.516652772
30	47.93621235	11.44147303
31	32.47476242	8.376056208
32	42.19066417	9.882497332
33	45.42003179	12.15144492
34	32.82965521	8.576178453
35	42.84890293	11.3359303
36	40.41995768	10.75352438
37	46.2649024	11.73261302
38	30.87774592	8.049326086
39	39.51799463	10.37493988
40	45.90138101	11.58629726
41	40.24949223	10.89784692
42	36.56602055	9.931217209
43	49.88780939	14.09301966
44	39.69920992	9.953175918
45	28.48648342	7.184056468
46	44.21512453	10.95433775
47	37.70429707	10.17010365
48	41.95136556	9.029429021
49	41.66601995	10.60924036
50	37.31871393	8.976127343
51	41.93118565	10.57846465
52	35.1193458	8.807740465
53	42.78800933	10.78422827
54	38.4755966	9.85234405
55	33.05435285	8.678860944
56	53.15458914	15.19485723
57	37.91305313	9.348668701
58	38.75744079	9.645820607
59	37.23600838	8.648879922
60	33.67136998	8.950329998
61	40.60673941	10.035997
62	27.28447595	7.46782779
63	36.3654622	9.60751959
64	33.74399599	8.532209513
65	33.13898396	8.767191222
66	32.30559595	8.458390698
67	37.38061923	9.276941984
68	37.03502952	9.703093109
69	34.71036445	9.23434748
70	29.89558783	7.931482125
71	32.946157	8.663619329
72	46.77070732	10.51329421
73	50.27948772	12.47646753
74	39.53096772	9.339887091
75	40.88851283	9.462903531
76	34.91001519	7.404328433
77	31.63195268	7.055951336
78	37.45515623	9.958137627
79	44.95640191	9.74312297
80	40.6722169	9.145611273
81	38.98000678	10.18473169
82	38.74962197	9.741918712
83	38.17308538	9.953626604
84	31.55720335	8.617811216
85	44.41418407	11.96819165
86	33.95655946	8.875009243
87	36.0431541	8.219325754
88	47.22091862	11.51390856
89	39.01696927	8.793868082
90	39.52943976	10.58027051
91	45.5122007	11.22309228
92	35.79443376	8.399962858
93	39.34293281	9.835734244
94	40.34694448	10.05197398
95	46.80104171	11.91725061
96	39.17198858	10.71953767
97	38.13908721	9.264738075
98	43.522592	10.28297809
99	37.60410116	7.759003164
100	41.07968277	11.10335034
101	34.34542543	8.007315496
102	41.48929695	11.04674294
103	46.70781113	12.31690494
104	36.94742367	9.974872334
105	41.69097942	9.860247187
106	37.78004562	9.367129129
107	25.94686927	5.380309913
108	33.02933301	8.784469251
109	31.25329323	8.545628609
110	39.25133844	8.290224479
111	41.66770196	10.36796726
112	39.32231575	10.33919726
113	43.1353893	11.73574596
114	31.38959606	7.691765092
115	33.39439069	8.89766844
116	39.3765188	8.62888893
117	27.96829869	7.650747989
118	40.1179877	8.898817533
119	35.1294295	9.221130829
120	33.09522892	7.436576937
121	33.40025065	7.841500026
122	33.48283547	7.112310495
123	25.37517053	6.275579809
124	39.07765054	10.08827033
125	40.35385985	10.37570802
126	39.61570917	10.8522704
127	40.10212522	10.06062652
128	34.54298199	8.220495143
129	41.64887515	9.500447855
130	38.76288649	10.38791089
131	34.18266224	8.024335916
132	51.16353991	11.12731892
133	38.4504248	7.422337656
134	37.27227142	9.909850741
135	39.84957873	10.07879447
136	44.36062218	11.0074781
137	35.90774848	8.684135947
138	32.71540997	8.552161473
139	41.73131841	10.49670627
140	31.65075034	7.639836289
141	32.97898525	6.835325483
142	36.66141193	9.803031932
143	33.80031612	8.785642283
144	34.87348153	9.427567881
145	36.28696582	7.910307173
146	31.3598612	8.419573421
147	31.17931829	7.807867719
148	31.24011822	8.255426425
149	38.64868497	10.56682696
150	37.17616811	9.989629436
151	38.87607215	9.249326282
152	43.21227861	9.998705605
153	33.06457186	7.686001932
154	32.25183838	8.229779482
155	29.05684779	7.698985434
156	47.96344918	12.68106958
157	41.41592986	11.00716793
158	37.59571195	10.18722451
159	43.79048055	11.10714838
160	36.16372144	7.167149501
161	40.37708319	10.99327889
162	37.90565897	10.01040991
163	27.52432622	7.334068267
164	33.44310016	9.038969407
165	29.6887511	8.113292262
166	44.99874766	10.1455803
167	34.35346075	8.719198896
168	33.01732582	8.863517272
169	38.23510309	10.42456737
170	35.30710592	9.067944453
171	42.20569397	11.42614555
172	43.4468726	11.8628956
173	28.77737256	7.626003458
174	33.8898392	7.870304894
175	45.40244983	11.29604199
176	38.82500413	9.772357186
177	47.04609412	15.28179486
178	39.44862022	8.950092685
179	33.80031612	8.663619329
180	38.60728848	8.02017774
181	41.36259696	10.56129903
182	35.4644026	8.833432685
183	41.72217563	11.25690934
184	40.30018139	9.032953322
185	43.21909823	10.74176492
186	37.01866327	9.867401956
187	27.46022057	6.870136027
188	40.87763808	10.49396052
189	39.00340082	10.04377003
190	33.28785812	6.275579809
191	24.57663834	6.576023908
192	34.81867479	7.812608248
193	37.11033258	10.00532746
194	44.98182768	10.79269451
195	43.82957885	11.47904546
196	36.33533597	8.328132057
197	34.0246224	7.099184398
198	33.1678695	8.638961709
199	40.20179655	9.269775765
200	33.63805461	8.781140628
201	37.9089522	10.31841367
202	39.30755657	10.46747309
203	35.53792373	7.996966894
204	31.92517331	8.030447238
205	39.85109004	10.36612809
206	38.23419964	10.03842842
207	36.62708485	9.531536857
208	41.25812109	9.013189756
209	38.00496808	9.942927757
210	39.30589538	10.42218384
211	37.61042534	7.938076399
212	37.37119334	9.725137167
213	37.23944317	8.488215593
214	40.94650872	8.919129625
215	50.32205829	17.91791513
216	33.69971636	8.280411912
217	35.28442799	8.006583262
218	41.84511192	11.35826579
219	41.52802888	10.25786146
220	34.70630932	9.468219127
221	37.79296042	10.03090831
222	49.67038101	10.60669653
223	37.7049424	9.142271201
224	38.27744883	8.815479148
225	40.92769441	10.91405184
226	42.14744828	11.00233424
227	31.92360164	8.458390177
228	32.3259757	8.657903528
229	41.32741639	11.27159046
230	33.99117172	9.010086996
231	27.85200299	7.448790734
232	39.13803205	10.19866756
233	43.81997393	11.07225717
234	32.88955168	8.470548289
235	47.85319038	10.47913056
236	31.50340623	8.519367567
237	36.62314213	9.078641218
238	39.25454841	9.715621761
239	38.45823946	10.47723726
240	37.08871214	9.89393622
241	40.82163645	10.30900338
242	38.12966132	10.3715613
243	34.66164458	9.313816003
244	41.10289778	10.78780254
245	31.81793921	8.559056551
246	30.13311909	7.570758523
247	36.27967991	9.669584142
248	31.91324523	8.188881555
249	36.36122387	9.406140003
250	36.61751324	9.425025097
251	30.55430538	7.928855032
252	45.28098321	11.07560661
253	38.88756725	10.63637935
254	37.9039728	10.26154189
255	40.41062754	10.97292412
256	45.76349402	10.94355147
257	30.32083967	8.278778826
258	28.8512226	6.61570873
259	29.543599	8.068570271
260	37.36931982	7.848457035
261	28.74750863	7.726338843
262	36.60319954	9.774607493
263	42.13450017	11.05292139
264	42.31410423	11.34315897
265	37.64940707	9.365992527
266	44.39024047	11.53786778
267	43.5621566	8.246472035
268	39.59918887	10.44268849
269	43.7661331	10.38380892
270	43.00334353	10.81048671
271	48.87621621	15.12733657
272	26.46211257	6.014116399
273	36.93464209	9.890214158
274	46.84227167	12.32947731
275	42.92097105	9.50882978
276	54.64910531	13.97512522
277	41.97164954	9.507777486
278	39.83470714	9.884689352
279	45.30064686	10.81786527
280	43.06386242	10.83616436
281	46.4855116	14.20899687
282	37.42966385	9.049675539
283	43.4174042	11.14884047
284	41.76951743	10.61148754
285	36.66025867	9.8139046
286	42.71895967	10.65170163
287	40.33966273	9.634090283
288	35.59436668	8.281376255
289	39.13271125	10.30719127
290	37.38226793	10.01184003
291	39.30471714	9.091097011
292	40.47806182	8.846937651
293	32.9951704	8.693310997
294	44.71416395	12.0160216
295	40.23202269	9.291429507
296	57.39026245	14.74616557
297	43.31931495	9.775776362
298	35.38063122	9.626698201
299	26.96648529	6.987017206
300	48.12127461	14.56068177
301	36.402025	8.463349804
302	34.95656595	9.295775035
303	32.99147956	8.655814032
304	40.43655291	10.31377774
305	40.14832625	9.856928972
306	31.49424263	7.819999289
307	40.18110038	10.34288393
308	29.94209487	6.756001638
309	40.9494106	10.93190962
310	34.27417334	7.933613255
311	39.00918375	10.67178578
312	34.38202362	7.287154256
313	34.49411431	8.516002515
314	36.13217967	7.411729883
315	44.79583282	10.76241112
316	38.0892682	10.04002716
317	28.69324938	7.481002287
318	29.63946916	8.113938107
319	41.49439293	10.4732935
320	33.62139276	8.657239469
321	36.68003889	10.0030376
322	42.10792947	11.1674029
323	59.76944282	14.95612692
324	39.29058663	10.64120055
325	29.57055689	7.831632814
326	39.97455508	10.54054146
327	34.68582549	9.318579951
328	34.87470765	8.200268401
329	36.06751821	9.323393859
330	38.50293751	8.700894594
331	40.05330542	10.7271858
332	43.15943282	10.38981043
333	47.74031698	13.15401501
334	36.95755733	8.491299618
335	33.76269165	8.46452752
336	31.41465961	8.355134181
337	36.12502282	9.390967605
338	41.96211124	9.517077437
339	37.46095998	8.772331956
340	28.93123445	7.39466835
341	44.47802951	11.1934792
342	34.39790484	9.117575069
343	48.34423612	11.09966367
344	35.5331983	9.39127049
345	44.45842415	10.7564783
346	41.85220633	11.35212897
347	42.13520794	10.67413809
348	40.56831141	10.4662959
349	35.8475127	7.776617906
350	34.61498141	8.64503504
351	41.26693913	10.65209819
352	31.79787379	7.579074875
353	38.92700279	10.46826101
354	38.66450165	8.273957631
355	30.05795134	7.684807563
356	37.92633015	9.822646658
357	38.14432891	9.322542448
358	33.99606577	8.756987818
359	26.23915939	7.138594957
360	41.44892881	9.008294661
361	33.80031612	8.541595855
362	35.50863851	7.199345442
363	44.48802995	11.54785364
364	42.83529284	7.706846417
365	29.65580835	7.675718383
366	46.15609662	10.10085102
367	33.43691338	8.778225221
368	41.32979368	9.775697258
369	31.92984671	8.440951338
370	33.99958591	9.168140365
371	42.28656347	10.52200817
372	28.61415764	7.744536458
373	37.38036943	8.31549932
374	43.08470014	11.2808519
375	39.73202152	10.58552782
376	43.82579018	11.39501387
377	39.92895358	10.92965723
378	36.01309866	9.603491519
379	34.93052817	8.32689137
380	42.74086738	11.61963553
381	49.43646981	14.7228829
382	37.65347885	10.09549795
383	39.57356327	10.1656863
384	48.5675307	13.9154161
385	36.12880316	9.863863082
386	42.66610555	10.79385817
387	38.57393148	10.18725469
388	38.79230494	10.13926341
389	35.74351978	6.821282401
390	42.81343093	11.39303002
391	35.80751094	9.232295974
392	52.79931124	13.54794262
393	37.94780487	9.932888806
394	35.54836133	9.25640611
395	38.35811433	10.20635524
396	47.49775844	13.70932981
397	36.69506037	9.099584062
398	42.56291201	11.61031372
399	47.60492801	13.32665791
400	37.29389185	9.975823667
401	37.03214429	9.318994207
402	39.79043791	10.64859887
403	35.69717719	9.732525085
404	35.18552273	9.533362499
405	39.91650924	9.538212837
406	39.31355184	10.55072092
407	48.43448988	13.81374219
408	31.65075034	7.366984993
409	47.20106762	13.04778324
410	35.85429901	9.502712734
411	36.12843679	9.552915815
412	37.19803002	9.736986147
413	41.99981481	11.27562477
414	38.32370815	9.371125975
415	36.49538881	9.67436058
416	37.32605397	10.20463681
417	44.44316536	11.06270534
418	39.50990934	9.82526126
419	41.85241449	10.32840161
420	33.21901038	8.887164232
421	37.0586567	9.794072337
422	46.15652129	13.79937228
423	38.81352569	9.75733571
424	34.01995733	9.273733058
425	55.36484452	16.78642387
426	42.79122762	11.71756552
427	37.146121	9.568726252
428	26.46657572	6.548431105
429	33.83356071	6.275579809
430	31.65075034	6.821282401
431	36.83492497	9.549795362
432	42.95202986	9.6398014
433	39.16447784	10.03352604
434	54.28490944	15.75470179
435	41.67395536	10.99729447
436	39.93754263	10.80435926
437	38.43718525	10.37193808
438	33.70569913	9.071815355
439	41.37363824	11.30524306
440	48.01637408	15.60464627
441	41.4769442	10.30412494
442	32.37765574	8.318143587
443	55.49816845	16.77388481
444	39.6821359	8.986835558
445	33.13085496	8.992877664
446	39.22284843	10.44582976
447	39.03087496	9.644049089
448	33.22969361	7.89908426
449	45.66784035	10.34526539
450	37.36481088	9.160293433
451	40.24322635	10.75619103
452	48.88406834	12.31318288
453	56.43600734	14.44956011
454	34.71292701	9.003752413
455	39.57020342	9.872565588
456	40.27503874	10.69639552
457	43.0519843	11.62697869
458	40.68805023	10.2564813
459	39.58096992	10.01315045
460	55.17809193	14.69852088
461	37.70581671	9.988557365
462	34.5534862	8.49466467
463	47.2214099	13.24318525
464	50.64569034	17.65504553
465	40.57569725	10.99857575
466	38.10938566	9.540597413
467	47.3849683	14.10499979
468	53.44299067	17.17121494
469	31.22259663	8.227376691
470	46.1910482	14.98278088
471	38.66361069	9.683953008
472	56.02608508	13.29708021
473	34.65211043	9.004090688
474	39.27589822	10.75683635
475	40.39834974	10.05864059
476	42.34048758	10.74070117
477	38.35099495	10.18431951
478	40.15024141	9.504968245
479	45.47122055	10.61282711
480	40.31837953	10.46493135
481	38.10938982	9.302083597
482	42.81626203	9.968662652
483	31.94384399	8.158447765
484	45.28546301	12.70252868
485	51.35879829	14.27043795
486	39.92896607	10.81264855
487	46.87950894	13.19591007
488	37.49810983	10.06046935
489	47.79561083	16.26821208
490	44.11982475	10.1128249
491	34.42482942	8.680843754
492	43.18152372	11.01271355
493	43.57235272	11.65879732
494	37.279141	9.927724133
495	38.713055	9.595543626
496	39.99325283	10.80837588
497	45.74743169	11.77139699
498	46.29863827	12.95977042
499	37.36271253	9.916010462
500	51.79726886	17.61870755
501	38.72387146	10.18141035
502	35.64308239	9.232390691
503	46.37766756	16.70290855
504	40.7634657	10.89196199
505	45.6119553	9.894457683
506	37.54592625	10.2702267
507	39.95421697	9.672175846
508	45.29331514	12.82401091
509	41.25953248	10.22919451
510	36.18171557	9.862914873
511	33.60399192	8.752548613
512	38.03198009	10.36330948
513	33.83355655	7.366983952
514	39.77180262	9.633017172
515	37.47596897	10.26104228
516	46.38748898	14.44602852
517	43.75905119	11.84506384
518	35.1246999	9.060423306
519	38.66024668	9.743664209
520	40.89546152	10.41452114
521	46.24663765	11.97700553
522	38.72628622	10.38965535
523	40.62858883	10.30768151
524	35.36014739	9.1677157
525	38.35905525	9.830305196
526	45.33056074	12.432751
527	50.47748977	15.00682128
528	47.68021442	10.99307801
529	36.02520993	9.735519597
530	41.33870332	9.317367366
531	45.95362727	11.78588243
532	36.57122894	9.879627722
533	49.475081	14.23631593
534	44.16252438	10.17392043
535	36.01637108	9.276944065
536	46.47081487	16.61825557
537	35.75607654	9.024013504
538	40.15612427	10.49212967
539	41.06928681	10.40028134
540	36.12473971	9.885263898
541	40.88484906	10.41566711
542	45.67530529	11.89631713
543	46.58639864	14.31697934
544	38.29162931	10.44238768
545	36.71969925	9.37452017
546	36.95671217	9.921016927
547	45.26891357	14.66897337
548	40.38074696	10.72195763
549	43.45364642	9.695435611
550	35.10267146	9.461169484
551	40.04238071	10.43948893
552	48.73717596	11.66023785
553	36.58095876	9.140529867
554	38.52758889	9.364344869
555	43.49067136	10.81428268
556	37.62409788	9.36352156
557	44.96700188	11.60663641
558	39.02473814	10.6256753
559	34.18063675	9.061008261
560	45.07886358	10.53941318
561	37.85647279	10.35873496
562	40.52594069	10.21951361
563	37.69787714	10.12089874
564	38.70168897	10.53646551
565	42.70935059	11.50839104
566	31.85914002	8.69380748
567	41.0780882	9.365719825
568	40.0261019	9.971748758
569	37.23465944	10.01831617
570	37.07996488	9.687230629
571	40.20404894	9.749889504
572	43.85960932	11.92673687
573	35.27177132	8.04180598
574	29.22756304	6.288774602
575	46.5712023	12.05708919
576	33.49216352	8.292561176
577	42.25182839	10.53652796
578	41.24223779	9.576682472
579	37.80808182	10.31958149
580	35.63494299	8.973447167
581	44.41261864	12.10571747
582	41.02852315	9.552875222
583	40.22028612	10.92804184
584	36.66159095	9.992600008
585	41.56422114	10.5316006
586	34.33634718	8.367116389
587	35.30155197	8.864073083
588	36.01668333	8.92598359
589	33.58232152	8.570972666
590	39.1404135	9.48377768
591	41.26174323	10.40969682
592	35.85243381	8.25644229
593	27.79762507	7.474062973
594	38.20113407	8.219032236
595	49.62261455	12.54274959
596	40.26961385	10.12916617
597	37.43993075	8.93278239
598	35.20445362	9.554237688
599	40.05142774	7.674135258
600	36.5114428	9.337880341
601	35.61453409	7.286819104
602	42.91556282	11.6733983
603	40.95308686	10.95183556
604	40.38199181	10.91405184
605	35.68001574	8.845045394
606	38.61303395	9.897456358
607	43.0795209	9.705957514
608	29.59923009	7.715391235
609	32.1412361	8.579705877
610	26.24068319	6.484418091
611	31.35290835	7.528775516
612	38.5993614	9.893411634
613	34.94168603	9.12230571
614	44.7986431	12.05661768
615	36.81379581	8.542728814
616	39.06597226	10.53953704
617	39.54645133	9.71193821
618	36.8165145	9.324423255
619	39.44774175	10.77959131
620	39.45078934	10.69595316
621	39.81991881	10.72938927
622	37.0423987	10.1300894
623	41.81548115	11.00160045
624	29.56993863	7.958714276
625	37.29568627	10.10417236
626	46.2168112	12.5931369
627	38.55745698	10.50006195
628	39.02578731	9.993372315
629	38.95898587	8.807547909
630	39.8030821	10.33128892
631	35.72122488	9.232295974
632	35.12411287	8.129675164
633	34.14895759	8.114209767
634	36.1515602	9.638167273
635	45.7228053	13.3053414
636	35.69338852	9.004037605
637	39.87897636	9.683240029
638	37.79915137	9.612985067
639	44.57566494	9.606796202
640	45.64343878	15.66982608
641	41.0119529	10.00757777
642	40.03554028	10.51544356
643	25.92086896	6.82128136
644	37.48489526	9.505976824
645	40.91226492	9.780585067
646	30.95959797	7.70821721
647	41.15653045	11.03533111
648	38.56739081	8.603473575
649	34.20127255	7.233212459
650	37.65161366	9.33574765
651	38.97287075	10.61142405
652	44.12825976	10.49360871
653	39.29134437	10.61598399
654	36.89018135	9.148370553
655	41.4777394	9.685734935
656	46.71139164	12.17141874
657	37.70843131	9.766559679
658	26.58024849	6.917701607
659	34.00502328	7.721212161
660	42.459248	8.474263065
661	45.71693077	13.23832555
662	46.44506853	13.50946361
663	45.61571899	10.12571785
664	42.4380897	9.790611527
665	33.42574928	7.444247965
666	36.23306254	9.858642203
667	38.60899963	9.814232466
668	40.98675612	8.280652347
669	54.36536677	15.01535725
670	42.8077729	10.96924786
671	38.79156802	9.548325688
672	38.08861039	10.00306883
673	37.19511566	10.01824643
674	40.75561357	11.10407477
675	38.51705554	9.956105897
676	44.33122039	11.94964379
677	38.55957198	10.21981857
678	34.52662615	8.436301883
679	40.2289751	10.52830112
680	35.70140303	9.148584967
681	37.07262068	8.885406244
682	42.63112067	11.20217234
683	40.11641394	10.32507195
684	40.03842134	8.092125116
685	38.73446726	9.700479546
686	38.74784004	8.635556584
687	34.87328585	7.651746159
688	44.44319451	10.78132328
689	41.82459062	9.866793061
690	38.32940782	10.38716565
691	39.81082599	9.980039089
692	37.81025927	10.15874178
693	44.9544701	10.63337651
694	32.76185872	8.895000754
695	47.11827464	10.83151595
696	36.61324994	9.72434092
697	41.10778142	9.915863703
698	32.02720944	8.682075074
699	45.20971447	9.804755571
700	37.41535015	9.921580025
701	41.52400705	11.33763832
702	35.53792373	9.547780285
703	44.7788046	10.11035602
704	44.20190996	12.00545703
705	37.92633015	7.912687585
706	39.14059253	10.3114806
707	34.49655405	8.021332557
708	28.42370172	7.54654118
709	36.13515648	9.545135498
710	48.80195399	12.66660807
711	41.11711989	10.12958459
712	39.58269356	10.75344736
713	31.087522	7.331206984
714	34.66729428	9.47619096
715	31.02394718	7.215768416
716	29.13570638	7.417717865
717	35.383862	9.336143171
718	35.8466592	9.756406235
719	46.74630991	13.27468539
720	46.9680682	14.47222451
721	36.99723019	8.778337632
722	32.63982172	8.542493063
723	39.39976712	10.5795669
724	41.96749449	11.35757883
725	30.88597484	8.343738488
726	37.83964441	9.374686706
727	37.50585371	8.067149517
728	34.84627384	7.706117305
729	37.10555302	9.422408412
730	41.14177959	10.79211684
731	41.51966048	10.91237192
732	41.25803366	10.4585874
733	41.25788794	10.48121849
734	35.90056249	9.13407975
735	43.62593543	10.5962121
736	38.80325463	9.151710625
737	32.33317418	8.742911429
738	40.61502454	8.698269062
739	34.77210738	8.973448208
740	33.11667032	8.809205975
741	40.22317134	10.52918688
742	45.27448001	14.04934372
743	40.44077875	10.17995525
744	34.23052446	8.040361808
745	43.51568912	8.528533769
746	37.58064884	9.869664753
747	43.52125139	10.02706447
748	36.03416953	9.678574961
749	40.64448462	10.90545758
750	34.19323722	9.1717063
751	39.58816008	9.65642786
752	30.07313935	7.389399072
753	45.01304887	13.17350796
754	38.20829925	10.31396093
755	45.12283304	14.14500363
756	42.61430894	11.30796591
757	43.05103921	11.64153907
758	41.68973873	10.48372901
759	19.37244202	5.184174625
760	43.23652614	10.03233635
761	38.60420758	9.933396739
762	40.68355794	11.07950041
763	29.85417677	8.129447739
764	31.77548938	8.215514179
765	37.35982731	8.399480947
766	28.98963626	7.5745243
767	39.04035914	8.25571578
768	45.74365551	16.27152301
769	37.42938907	10.0326205
770	44.74339088	11.21677643
771	39.00091528	9.930381411
772	47.63734825	13.6816756
773	34.97479739	7.181797834
774	34.80351801	9.306445779
775	44.80045417	9.486474509
776	38.00164154	9.292621274
777	46.24152086	11.43088035
778	35.4906194	8.765381192
779	33.95786259	9.17028971
780	38.14779701	10.38780264
781	32.24849727	8.809558822
782	32.81308287	8.165606177
783	32.57003514	8.836265866
784	28.56543152	7.052156415
785	41.70417734	11.4165094
786	50.77059175	15.63956038
787	34.87030695	8.759280799
788	44.49731845	11.23507761
789	43.60244564	10.64269
790	35.30324647	9.562758046
791	37.95539471	9.574088686
792	36.61895377	8.284356714
793	37.97602842	10.14542001
794	35.80809797	8.462745594
795	33.36356503	7.754110152
796	34.40004481	7.626651904
797	47.25939658	12.06622885
798	35.72759902	8.719509588
799	32.37634844	8.76542803
800	43.13827452	10.6780142
801	40.66940662	10.5796179
802	39.88609158	9.530544932
803	37.85051083	10.17644239
804	36.52910386	9.778357658
805	41.98285736	11.35499233
806	38.30971503	10.26769432
807	32.1172467	7.986182698
